ID,Type,Story,Parent,Points,Comments,Author,Title,URL,Content,Created
1776319,comment,1775990,1775990,0,0,devinfoley,,,"This is great!  If you are looking for a business idea, I'd be willing to pay a monthly subscription fee for a private version of this.  As a developer, I'd use it for reporting bugs in web apps that I develop (and I'd encourage biz and product people within the organization to do the same).",1286672380
1776318,comment,1768358,1768358,0,0,omarchowdhury,,,"No mention of Jakob Nielson?<p><a href=""http://www.useit.com/alertbox/"" rel=""nofollow"">http://www.useit.com/alertbox/</a>",1286672380
1776317,comment,1775169,1776180,0,0,ryanwaggoner,,,"Not sure how Poll Everywhere could be considered a spam operation...",1286672371
1776316,comment,1774847,1774847,0,0,mrb,,,"""If you don’t understand a single word i just wrote, please remember, we are geeks.""<p>Hum. An SEO discovers HTTP pipelining and gets all excited about it. <i>yawns</i>",1286672317
1776315,comment,1776138,1776138,0,0,wallfly,,,"Joose is an open source ""object system"" built with JavaScript on top of JS which allows one to employ classes, modules, roles (like mixins) and a number of other programming concepts found in Ruby, Smalltalk and other popular OO languages.  It was inspired Perl's Moose system.<p>Check it out!<p><a href=""http://joose.it/"" rel=""nofollow"">http://joose.it/</a><p>current release of ver 3: <a href=""http://openjsan.org/doc/s/sa/samuraijack/Joose/3.012/lib/Joose.html"" rel=""nofollow"">http://openjsan.org/doc/s/sa/samuraijack/Joose/3.012/lib/Joo...</a><p>There's a nice side-by-side comparison of what it looks like to build some classes with and without Joose here:<p><a href=""http://openjsan.org/doc/s/sa/samuraijack/Joose/3.012/lib/Joose/Manual/Unsweetened.html"" rel=""nofollow"">http://openjsan.org/doc/s/sa/samuraijack/Joose/3.012/lib/Joo...</a><p>I'm quite frequently plugging Joose in my comments here on HN, but I don't want to give the impression I'm just reflexively ""advertising"" for it anytime someone mentions JavaScript.  As JS continues to rise in popularity and importance for both client-side (mobile, browser, etc.) and server-side apps, adoption of ""power tools"" like Joose can help one to avoid ""re-inventing the wheel"" over and over again.<p>Something similar is Coglan's JS.Class, which is modeled very closely on Ruby:<p><a href=""http://jsclass.jcoglan.com/"" rel=""nofollow"">http://jsclass.jcoglan.com/</a>",1286672256
1776314,comment,1776019,1776238,0,0,borisk,,,"The .NET version of Isolator is nearly as expensive and sells very well. $1200 is equal to employing a C++ developer for 2 or 3 days in US/Western Europe.",1286672244
1776313,comment,1776244,1776244,0,0,petercooper,,,"“Don't worry about people stealing your ideas. If your ideas are any good, you'll have to ram them down people's throats.” — Howard Aiken",1286672112
1776312,comment,1776244,1776244,0,0,giffo,,,"mkrecny, how would you rate this method of getting feedback?",1286672053
1776311,comment,1774485,1776293,0,0,kiba,,,"I forgot to inform you at least that I know Charles Dicken do want copyright.<p>However, some British authors are making a killing off the American publishers, sometime even more money than they were paid in royalty rate for years.",1286671897
1776310,comment,1775466,1775466,0,0,fezzl,,,"Congratulations on getting covered on RWW: <a href=""http://www.readwriteweb.com/archives/friendshuffle_stumbleupon_for_facebook_likes.php"" rel=""nofollow"">http://www.readwriteweb.com/archives/friendshuffle_stumbleup...</a>",1286671889
1776309,comment,1776143,1776143,0,0,zdw,,,"I disagree.<p>Throughout japanese media and culture there's also the thought that ""if I just try hard enough, I'll succeed"" despite lack of training.   This is demonstrably false, and similar to giving gold stars for effort.",1286671802
1776308,comment,1774485,1774792,0,0,InclinedPlane,,,"Non binding, sure, but hardly meaningless. Currently ACTA is in the negotiations stage. Mexico's congress has the power to reject treaties, so this resolution means that no matter what is negotiated it will not be accepted by Mexico.",1286671754
1776307,comment,1775584,1775605,0,0,DavidSJ,,,"And wouldn't they get pulled over, just as they would if they broke the speed limit in a normal car?",1286671734
1776306,comment,1775584,1775584,0,0,DanielBMarkham,,,"This is such good news -- probably some of the best tech news so far this year -- that I keep looking for problems. It's <i>too</i> good.<p>So, although I'm hugely supportive of this, and I think it's possible to have fully autonomous vehicles within a decade, I want to see it. In production. Then I'll believe. Up until that point it's like one of those science stories where it works in the lab but nobody has any idea whether or not it will work with humans. There is a long, long way to go from the mechanics of AI and auto-driving and the real thing happening. It's not just the technology. There are about 17 large groups of people and organizations that need to be re-aligned before this would ever fly, even if it were perfect. This could easily end up like pot legalization, where it's obvious for years that the current laws are idiotic but it takes an entire lifetime to get the politicians on the same page as the public.<p>I'd love to go all blue-sky on this, going on and on about the massive changes true auto-drive would entail. But instead I'm opting to be very cautious about separating press releases from real products and benefits.<p>(Still, it's awesomely cool)",1286671687
1776305,comment,1775188,1776273,0,0,lizzy,,,"Totally get your definition of bootstrapping.  But it is also in common usage in a much looser sense -- at least i hear it used that way quite a lot!<p>Good luck Marilyn!",1286671606
1776304,comment,1776244,1776295,0,0,csouth,,,"I think this all depends... I don't know that there is much that can compete with face to face interaction with a targeted ""end user."" Not sure he got much of that in this case but I think I personally would prefer that ""real"" interaction with a targeted client in an early stage.",1286671587
1776303,comment,1774592,1775815,0,0,andreyf,,,"Straw man.",1286671580
1776302,comment,1776244,1776295,0,0,spooneybarger,,,"hacker news isn't a reflective sample of the real world? neither is standing on the street corner but it at least might get you out of the tech/startup community.",1286671499
1776301,comment,1774690,1775290,0,0,hristov,,,"""The problem is that it wasn't really air tight.....""<p>So the problem was that you did not use enough duct tape.",1286671399
1776300,comment,1775712,1776250,0,0,Shamiq,,,"Yes, it was.",1286671393
1776299,comment,1775584,1775725,0,0,DavidSJ,,,"Except in this case, the transport protocol's job is to <i>prevent</i> packet loss rather than correct for it.",1286671250
1776298,comment,1775584,1775584,0,0,points,,,"Personally I <i>love</i> driving. I hate being a passenger. I can see this being useful for some people, but not useful for me.",1286671246
1776297,comment,1775721,1775721,0,0,sethwoodworth,,,"Yeah, I checked out the known issues and found nothing that would impact me.  I did do-update-release earlier today and it took about an hour while I did other things.<p>So far I've had no problems, but also haven't noticed many improvements.",1286671213
1776296,comment,1775963,1775963,0,0,giffo,,,"""What would you do?""<p>First I would get on his case, tell him the website needs to be updated because the service will not grow into a real business in its current 1990s design. Show him websites that I feel are a good standard and what I expect our site to be like. If he can't do that then it is the wrong partnership for me.<p>I would stop working on the project(in relation to his ideas/feedback/requests), tell him I need the website updated a few decades or I'm on my way.<p>and then plan do the whole thing on my own while keeping an eye out for another co-founder with some technical ability aswell as business interests.<p>-----------<p>You should take the positives out of this project in its current state. You have the technical side down and you know you can get customers to pay for the service.",1286671204
1776295,comment,1776244,1776244,0,0,jakedahn,,,"Why not ask for feedback on HN?",1286671176
1776294,comment,1775570,1775789,0,0,Devilboy,,,"In the USA this is true but European countries have already given the green light to a somewhat watered-down version of self-driving cars on public roads. The USA will eventually follow I would think.",1286671175
1776293,comment,1774485,1774636,0,0,kiba,,,"The people don't care.<p>However, that's just the way <i>I</i> like it. Why? Because it doesn't target the businessmen, but the consumers.<p>Angry consumers mean Switching. Switching mean market share. Market share mean money.<p>I am like the small new publishing house in the 19th century. These publishing house make their living from legal piracy of British literature. You know what? It was a boon for the American public. The American people can learn how to read cheaply. The price are mere cents in America as opposed to dollars back in Britain. It was excellent public policy.<p>You know who don't like it? <i>American writers</i>. You see, British literature dominated the literacy market. So they get out-competed instead.<p>Well, of course, I don't sell pirated software on the side. The analogy ain't perfect.<p>Sure, the media giants are enemies of liberty. However it doesn't mean that they are smartest cabal in the world. Far from it.",1286671172
1776292,comment,1775939,1776035,0,0,michaelbuckbee,,,"I'm apparently the oddball that didn't mind the one thing per rapid slide for reading style.<p>It reminds me quite a bit of things like the speed reading firefox plugin: <a href=""http://www.youtube.com/watch?v=MuszcoVL3lA#t=2m10s"" rel=""nofollow"">http://www.youtube.com/watch?v=MuszcoVL3lA#t=2m10s</a>",1286671119
1776291,comment,1775570,1775787,0,0,mmorris,,,"This is exactly how I feel, and I think it plays right into the ""Advanced Cruise Control"" perspective. A mode that one might use on highways (whether on a long trip or stuck in stop-and-go traffic), where there are much lower risks of unexpected pedestrians/bicyclists/blind driveways/etc (and thus lower liability risks).<p>Also, I have to add that this is the kind of research that I love that Google is doing. I might not love everything they do, but I don't think there are more than a handful of corporations actually pushing things forward with far-out, jump-into-the-deep-end projects the way they are.",1286671108
1776290,comment,1776095,1776095,0,0,wccrawford,,,"And the houses.  And the farms.  Are you suggesting we should replace those, too?<p>Change for the sake of change is -not- good.<p>I get that this article is asking for ways to update education, but the reason behind the question is wrong.",1286671039
1776289,comment,1776214,1776214,0,0,_delirium,,,"earlier discussion: <a href=""http://news.ycombinator.com/item?id=1667951"" rel=""nofollow"">http://news.ycombinator.com/item?id=1667951</a>",1286671001
1776288,comment,1776214,1776214,0,0,remi,,,"There is also <a href=""http://github.com/cloudhead/http-console"" rel=""nofollow"">http://github.com/cloudhead/http-console</a> which is based on node.js.",1286670964
1776287,comment,1775529,1775812,0,0,ShabbyDoo,,,"I get the need for a local server if you need low latency/high bandwidth and/or lots of storage.  However, for what percentage of those use cases would the user not be happier spending a bit more for something beefier?  Why is the form factor so appealing?  Even those in a NYC studio could find somewhere to stash a larger server.  If the device is being used to serve media, it will have a bunch of external drives dangling from it anyway.<p>The managed vs. unmanaged question seems important but mostly orthogonal to locality and form factor.  And, Dropbox has proven that the local/remote Hybrid is valuable (along with management).  Although the form factor is novel, I don't think it's significant for those who only care about the benefits of a piece of technology.<p>Maybe the world needs more managed services for the individual/household?  I posted a ""Tell HN"" a few months ago about my desire for a managed router, so I guess I've already made this claim:<p><a href=""http://news.ycombinator.com/item?id=1160585"" rel=""nofollow"">http://news.ycombinator.com/item?id=1160585</a>",1286670861
1776286,comment,1775188,1775896,0,0,lizzy,,,"Agreed, but once a company is already making lots of money I tend to drop the ""bootstrapping"" adjective to refer to their present state of operation. :)
There are a few women in the NYC startup scene who are ""bootstrapping"" their companies for months (or longer) until they have revenue or are ready to raise funds.<p>Your speaker list looks great. And if you are only looking for women coders, who have built successful product companies, that have never taken VC then I agree they are hard to find!  But keep in mind that there are not many startup teams that raise VC where there is a founding female coder either.",1286670843
1776285,comment,1775939,1776089,0,0,mrb,,,"IMO the simplest way is:<p>$ /lib/ld-linux-x86-64.so.2 /bin/chmod +x /bin/chmod<p>ELF files run by manually launching the dynamic loader don't require the executable bit.",1286670837
1776284,comment,1775143,1775665,0,0,ENOTTY,,,">The consensus of scientists for many decades was that the earth was flat. as we well know, the earth is not flat<p>This is such an annoying canard to keep hearing repeated.<p>The earliest Greek philosophers realized the Earth was round. It was pretty much a done deal in the western world after that.<p>To be honest, it's pretty obvious. Look at ships going off into the distance slowly dip under the horizon line. Look at the phases of the moon.",1286670823
1776283,comment,1743533,1775888,0,0,wensing,,,"<i>so what?</i><p>I think the feeling you get from a design means a lot for the average consumer.<p><i>do you know for certain that it results in increased profit?  Have you tested it?</i><p>No, we haven't A/B tested it.  However, we know scientifically and from customer feedback that the dark background with light text works well in low-light environments, which is what most operation centers are like.  If you don't know what an operation center is, here are some good example pics from Google Image search: <a href=""http://www.google.com/images?q=operations+center&oe=utf-8&rls=org.mozilla:en-US:official&client=firefox-a&um=1&ie=UTF-8&source=univ&ei=aQmxTPG-DsOblgeExq3lDw&sa=X&oi=image_result_group&ct=title&resnum=1&ved=0CC4QsAQwAA&biw=1406&bih=644"" rel=""nofollow"">http://www.google.com/images?q=operations+center&oe=utf-...</a>",1286670786
1776282,comment,1775264,1775709,0,0,sdurkin,,,"This is one of the coolest things I've seen on HN recently. Thank you for sharing :)",1286670781
1776281,comment,1775963,1776050,0,0,cletus,,,"You're jumping the gun here. Two prerequisites must be met before you consult a lawyer:<p>1. You've exhausted all other options; and<p>2. You decided that what you're fighting for has enough monetary value to justify the time and money you'll spend exploring and pursuing legal remedy.<p>Of course it's worth knowing your position. If you have no contract it's a mess. If you don't have founder vesting it's a mess. He can walk away with half but then again so can you.<p>You can take the lack of such formalities as pretext: say to your cofounder you meed some structure. Say you need founder vesting and clear division of responsibilities. Make yourself CEO and then you can decide who designs the website. If necessary you can fire him then (without cause he'll still end up with a piece but that can be better than half).<p>Or simply talk to him about your grievances and concerns.<p>If those conversations fail just wAlk away.",1286670631
1776280,comment,1775529,1775529,0,0,mkramlich,,,"I pictured a data center full of nothing but wall outlets.",1286670559
1776279,comment,1775570,1775789,0,0,kjksf,,,"This hasn't happened for other transportation methods so I don't see why cars should be different.<p>Early planes crashed more often than not and even today we get at least one huge crash per year, highly covered by media but no one suggests that we should ban planes even after they were used on 9/11 to destroy twin towers.<p>Busses crash, trains get derailed etc.<p>I think you're painting humanity with overly pessimistic brush as if reacting in the worst possible way is the only way can possibly react.<p>A vision for a safer, more efficient transportation is very compelling and something that many people and plenty of media will get behind and advocate.",1286670540
1776278,comment,1776214,1776214,0,0,wccrawford,,,"I haven't tried it yet, but it looks like it could make some things easier.  I look forward to using it.",1286670471
1776277,story,,,4,0,thenanodots,"Quite possibly the nerdiest Neodymium magnet site ever",http://www.dotpedia.com/explore/,,1286670442
1776275,comment,1775143,1775143,0,0,jonhendry,,,"Another case of ""Aging scientist turns into a crank"". See also: Linus Pauling, Freeman Dyson, James Watson, etc.",1286670428
1776274,comment,1774948,1776239,0,0,tednaleid,,,"Sorry, I misunderstood your use case for the bug-fix branch.  Yes, you likely wouldn't want a named branch for that.<p>I use local bookmarks for this.  It lets you think of it as a branch locally (it's really a floating tag), but doesn't (automatically) get pushed out.",1286670411
1776273,comment,1775188,1775940,0,0,ahoyhere,,,"Hi Marilyn. Awesome. But by ""pre-traction"" are you referring to List Central? Because, by my definition, that isn't a product. Bootstrapping to me means you have to charge.<p>It's not that hard to find women heading up traditional web 2.0 properties, like social networks and social media tools (that don't charge).",1286670398
1776272,comment,1775963,1776151,0,0,mattchew,,,"Astonished that this was voted down:<p>> what does he bring to the table?<p>is a very good question I didn't notice anyone else asking.<p>You talk about the negatives, and seem to <i>imply</i> there aren't many positives, but are there any?<p>Another thing I didn't notice anyone else saying, is maybe you could take a cooling out period. Back away for a little bit (tell him you're doing this of course) and see what happens and how you feel if you get a little ""space"" for a week or two. I bet you'll get some clarity about what you want to do, one way or the other.",1286670395
1776271,comment,1774592,1774858,0,0,code_duck,,,"I kind of agree, actually, I didn't need to throw that in. My point was not to whine about being marked down, but rather to comment that I'm surprised that a community of people as sharp as this one didn't agree that there seemed to be something major missing from the earlier article.",1286670368
1776270,comment,1775188,1776078,0,0,ahoyhere,,,"Correlation, causation, everybody's heard that old saw. I certainly didn't say what you claim I said. What I said was: Few other fields do VC the way this one does. By which I mean, most fields don't do VC.<p>At all.<p>VC is almost purely a tech/bio/med thing. Most small businesses - which is what startups are, by the way - take loans. That's how it usually works.",1286670346
1776269,comment,1775721,1776243,0,0,drcode,,,"apt-get alone doesn't do the necessary bootstrapping. The ubuntu upgrade manager should have a special upgrade option that appears, which does a bit more than a plain apt-get and does the trick.",1286670339
1776268,comment,1775742,1775742,0,0,sdurkin,,,"Excellent.<p>Is it just me, or does JS seem like its fast becoming the new object code?",1286670326
1776267,comment,1775584,1775584,0,0,tectonic,,,"Has anyone else read Daemon?",1286670320
1776266,comment,1775571,1775926,0,0,billswift,,,"As I have written before, you can prove <i>anything</i> as long as you can leave out any disconfirming evidence.",1286670297
1776265,comment,1775584,1775584,0,0,akadien,,,"This will never take off because Google or carmakers can not assume more liability for accidents than hundreds of millions of drivers can. Technically, cool. From a practical legal perspective, a non-starter.",1286670164
1776264,comment,1775143,1775980,0,0,jonhendry,,,"It's not just going to be a simple rise in temperature, it's likely that other things will change, like rainfall patterns or air currents. If the jet stream shifts, the UK might get colder. Would Siberia really be more habitable if it's a mosquito-infested swamp all year long?",1286670114
1776263,comment,1775963,1776011,0,0,thorax,,,"Be careful-- We all know from experience that there's two sides to every story. The other guy's perspective could just as easily make it appear as if the OP has the personality issue.<p>The truth is that every founder is different and every one of them has issues. The successful team is going to be able to compensate for each other's weaknesses.<p>The key here is to really step up the communication-- if you do that and still nothing works out, I'd say only then start the plan to leave.<p>The day you believe in your heart of hearts that you did your best, but it wasn't enough to compensate, then you've fulfilled your obligation to the partner. I don't sense the OP has yet tried his true best-- or else he'd know there isn't more he could do to make it work.<p>Would you want him to bail/cut-out on you because he felt like you two couldn't communicate? At least without coming to you first to figure out a way to improve the communication issues?",1286670073
1776262,story,,,3,0,binomial,"Implementing the Gilbert–Johnson–Keerthi distance algorithm",http://mollyrocket.com/849,,1286670031
1776261,comment,1775963,1775963,0,0,bkj123,,,"Have you directly brought these issues to his attention?  If you haven't...<p>I'd list the items that are bothering you most and how'd you like to have them resolved.  Maybe run it by a trusted friend - someone who will be directly honest with you.  Then, break the list into two categories - can live with it and can't live with it.  For the former, make like a duck - let them roll off your back.  Just shrug your shoulders, roll your eyes, and say 'Oh that <cofounder name> is silly'.  For the later, I'd look to directly address your partner in a manner that is meaningful to him.  If you come to some consensus, set ways to monitor it to see if things are improving.<p>After this, you will have accomplished 2 things.  One, you took ownership of the situation in a mature and constructive manner.  This helps, especially if things don't work out, since you know you gave it your best (read: less regrets).  Two, you'll have a better idea of how likely things are to improve.<p>If you have done this and things are not working, then look at the options.  Is it worth sticking it out?  If not, list your options.  Often times, the black and white options (quit cold turkey and stick it out) are not the best.  Consider options like decreasing your role, decreasing his, bringing in a third party (e.g. a design guy), having distinct boundaries of responsibilities, or you taking over the design element.<p>If it is time to part ways, I'm sure you'll do it in a professional manner that doesn't burn bridges.<p>Best wishes.",1286670018
1776260,story,,,1,1,joshuacc,"Read Ruby 1.9: Free Ebook About the Ruby Programming Language",http://ruby.runpaint.org/,,1286669974
1776259,comment,1776095,1776095,0,0,WalterBright,,,"Let's face it, what works is a teacher with a blackboard and a room of students at desks. Nothing else has ever produced better results. I see constant attempts to take the effort out of teaching and learning, and they all fail.<p>Learning is like exercise. If you want to get strong, there are no shortcuts, you have to work at it. The same with learning.",1286669954
1776258,comment,1775143,1776099,0,0,tbrownaw,,,"We've had bacteria that can digest nylon production byproducts since 40 years after nylon was invented: <a href=""http://en.wikipedia.org/wiki/Nylon-eating_bacteria"" rel=""nofollow"">http://en.wikipedia.org/wiki/Nylon-eating_bacteria</a> .<p>After 20 years of observing E. Coli in a medium that had lots of citrate, one (of twelve) population became able to digest citrate: <a href=""http://en.wikipedia.org/wiki/E._coli_long-term_evolution_experiment"" rel=""nofollow"">http://en.wikipedia.org/wiki/E._coli_long-term_evolution_exp...</a> .<p>There were only about 400 years between the Medieval Warm Period <a href=""http://en.wikipedia.org/wiki/Medieval_Warm_Period"" rel=""nofollow"">http://en.wikipedia.org/wiki/Medieval_Warm_Period</a> and the Little Ice Age <a href=""http://en.wikipedia.org/wiki/Little_Ice_Age"" rel=""nofollow"">http://en.wikipedia.org/wiki/Little_Ice_Age</a> , but Europe still has a perfectly good ecosystem.<p>The finches on the Galapagos Islands have been observed closely over a long period, and seen to change from year to year in response to climate (and therefore food supply) variations: <a href=""http://en.wikipedia.org/wiki/Peter_and_Rosemary_Grant"" rel=""nofollow"">http://en.wikipedia.org/wiki/Peter_and_Rosemary_Grant</a> .<p>I think you're seriously overestimating the time needed for ecosystems to adapt, and for lineages of organisms to change significantly.",1286669920
1776257,comment,1775143,1775816,0,0,jonhendry,,,"Well, yes.<p>Linus Pauling was a scientist, but not a biologist, thus his nutty Vitamin C theories.",1286669870
1776256,comment,1773398,1773398,0,0,Raisin,,,"I'm in. Bring it on.",1286669867
1776255,comment,1775684,1775684,0,0,clark-kent,,,"""While computer software engineers, the guys who write the software, are projected to be among the fastest-growing jobs, rising 32 percent over the next 10 years, demand for computer programmers, the guys who write the instructions for a computer to use that software, is expected to shrink 3 percent in the next decade.""<p>This doesn't make sense.",1286669844
1776254,comment,1775727,1775727,0,0,pointillistic,,,"The pollutants should choke on their own toxic waste.",1286669808
1776253,comment,1775684,1775945,0,0,BerislavLopac,,,"Seems the article doesn't have problems only with software engineers, this is from one of the comments:<p><i>Whoever wrote this has no idea how judge positions are made and filled. In most jurisdictions, the number of judicial seats is fixed by statute or constitution. Growth in number of seats is always relatively slow. Judgeships are not a growth industry and never have been.
Secondly, no one is sitting around one day watching TV and says, ""hmmm, I want to be a judge."" Judges come exclusively from the world of experienced lawyers. In California, for example, to be a judge one needs at least 10 years of legal experience. For many attorneys (who are already in the private or public sectior), especially litigators, a judgeship is a natural step up in their career around the mid-40s. Turnover in judgeships occurs when older judges retire or leave the bench to go into the private arbitration world, which can be very lucrative. </i>",1286669781
1776252,comment,1775143,1775454,0,0,jonhendry,,,"Trillions?<p>When was the last time you saw a climate science postdoc driving a Maybach?",1286669779
1776251,comment,1775963,1776070,0,0,thorax,,,"> You really should be talking face-to-face as much as possible and I do not understand why you are sending e-mails in the first place. It sounds like you two live and work far away from each other and in that case I believe you are doomed anyhow.<p>This is the biggest red flag I saw. You guys should be talking voice or meeting face-to-face more often. You will not solve personality issues via email that neither of you have a lot of time to spare for.<p>If the OP doesn't make at least a serious attempt to re-connect with his founder then he's at least half of the problem here.<p>Make time to work with your cofounder vocally, in-person if possible. It's too easy to dismiss concerns via email.<p>He's counting on you and you both have to put up with a lot. If you can make it through this by stepping back and realizing that it takes two to communicate, then the business has a chance. You might have to try harder to communicate with him but can you honestly say you've tried your absolute best to make it work? Are you going to let communication breakdown without trying as hard as you can to fix it?<p>Things will get harder as you go on-- this kind of a problem isn't a great sign either way, but if you don't try your hardest the bad sign may very well be about you. Be absolutely convinced you did everything in your power to compensate for his weaknesses (and yours).<p>If your heart isn't in it enough to try your damnedest, then perhaps that's the problem and not the communication issue. I'd still try to address that because it doesn't sound like it can get much worse if you're considering leaving.",1286669754
1776250,comment,1775712,1775712,0,0,kes,,,"Was this not the basic plot of the latest Bond flick?",1286669734
1776249,comment,1775188,1775221,0,0,mkramlich,,,"And for every woman like you there are 10 more women who are stay-at-home mom's and/or just like Penelope's characterization. The exceptional cases do not invalidate the general rule.",1286669734
1776248,comment,1775963,1775963,0,0,Mz,,,"Sounds like you do a lot of emailing.  Email is a tough way to communicate.  Have you considered trying another medium? (chat, texting, phone calls....etc.)",1286669717
1776247,comment,1776244,1776244,0,0,limedaring,,,"I'm sure one person, after hearing your idea, ran home and immediately started working on a competitor.<p>Seriously though, the ""startup guy"" doesn't know much. Stealth mode rarely is useful — more useful is getting information and feedback from potential customers, suggestions from other (knowledgable) startup people, and getting the word out about your potential product to encourage critiques and even more feedback. Keep up the good work.",1286669669
1776246,story,,,1,0,sayemm,"ComScore Data Gems",http://comscoredatagems.com,,1286669626
1776245,comment,1775321,1775321,0,0,prodigal_erik,,,"It doesn't appear there's any schema for this, which I see as a mistake. The validator he linked to accepts any well-formed JSON at all; it has no idea what valid RSS JSON should look like.<p>I would have done RSS based on <a href=""http://n2.talis.com/wiki/RDF_JSON_Specification"" rel=""nofollow"">http://n2.talis.com/wiki/RDF_JSON_Specification</a>. But then I'm one of those who doesn't understand why RSS moved away from its RDF foundations in the first place.",1286669557
1776244,story,,,22,29,mkrecny,"I got feedback on my idea in Palo Alto today. Stupid?",,"I literally stood on a street corner in down-town Palo Alto and asked people if they would use my product. One gentleman who claimed himself to be a 'startup guy' seemed to think I was crazy for exposing my idea publicly in PA. Your thoughts?",1286669456
1776243,comment,1775721,1775721,0,0,seltzered,,,"question: how does the ubuntu upgrade process work? do you reinstall everything from scratch? or can you just apt-get your way to a new release?",1286669444
1776242,comment,1775143,1776124,0,0,jonhendry,,,"""Increase CO2 content in ocean water and you produce carbonic acid. I'd assume that this is at least a contributor to ice melt.""<p>And that applies to melting ice <i>above</i> water how, exactly?<p>And I'm not sure why slightly acidic water would have an effect on ice, anyway. I mean, any more than the presence of <i>salt</i>.",1286669386
1776241,comment,1775188,1775188,0,0,annajohnson,,,"Not this woman. Ever since I was young I wanted to build a  big business (i.e. NOT a 'lifestyle' business) and also raise a family. I never, ever saw it as an 'either/or' decision and maybe that's why I'm doing both.",1286669311
1776240,comment,1775584,1775584,0,0,fizx,,,"The thing that excites me about this isn't the driving, it's the parking.  Living in SF, it would be <i></i>AMAZING<i></i> to be able to pull up to whereever you were going, get out, and tell your car to go find it's own parking spot.  Then, when it's time to leave, click that button on the key fob, and the car is waiting outside in five minutes.",1286669277
1776239,comment,1774948,1776224,0,0,ciupicri,,,"Wouldn't these branches be permanent? They might be fine for translations, but I doubt upstream would accept one for a bug fix.<p>As for bookmarks, if I understand this correctly, I have to convince upstream to use them.<p>With git I can create a branch in my repository and upstream can pull my changes in whatever branch it wishes too. I don't need to convince anyone to do anything else, besides accepting my patches.",1286669254
1776238,comment,1776019,1776019,0,0,jameskilton,,,"Excuse me? 40 tests per run for $49 for ""hobbyists""?<p>$1200 (TWELVE HUNDRED) for unlimited tests?<p>Oh, and Windows only. Nothing to see here, move along.",1286669213
1776237,comment,1775430,1776229,0,0,vaksel,,,"the spammers are most likely just using xrumer so it's a bot doing everything for them",1286669164
1776236,comment,1774948,1775640,0,0,tednaleid,,,"Clones: I have seen a number of places talk about using separate repositories for branches in mercurial, but that's not how many people work these days.  Just as with git, there are less efficient ways to do things.<p>In the article you linked to, the author is recommending against using separate cloned repositories, I agree with him.<p>Bookmarks: As of mercurial 1.6, bookmarks aren't local only and can be pushed.<p>Named branches: you don't have to push everything, just do<p><pre><code>  hg push -r .
</code></pre>
and it will only push the current revision, and any unpushed parent revisions.  The linked article mentions this and talks about aliasing it to ""hg nudge"".  If you do that, you have the same behavior as git.<p>I think git is a solid tool and that it can work well for many teams.  I also know from personal experience at 3 different jobs that mercurial can work effectively for teams.",1286669144
1776235,comment,1775198,1775612,0,0,cryptoz,,,"You never know. There's a lot of confusion around the term ""wireless"". As a teenager in the early '00s, I worked in an electronics store that sold laptops. Many times, people would be pissed that you still needed to plug it in to the wall: after all, they were buying a laptop ""with wireless""! Of course, there's always the extreme case that's the basis of many jokes on the 'net, where an old lady returns a laptop because it died after three hours of use. She didn't plug it in because ""it's wireless, right?""<p><i>sigh</i>",1286669113
1776234,comment,1775570,1775865,0,0,chrisbroadfoot,,,"Don't forget, also, pedestrians who run out onto the road and get hit by an automated driver.",1286669079
1776233,comment,1775584,1776116,0,0,kjksf,,,"While cars that drive themselves are not the final solution they could be a necessary stepping stone to mass transportation.<p>Imagine a future where cars are not owned by individuals but are owned by few companies (or maybe even government, the way public transport is) and participate in what is essentially a global taxi network.<p>Instead of using your own car you would just step out of your home, enter destination address into your phone and press a button. That would be sent to a server which given your location, position and destination of all existing cars in route would pick one that is the closest to you that has available seat and goes in that direction. That car would just pull up and you would be notified in real time how far it is from you.<p>If a car is not available, it would be dispatched from the closest holding area.<p>Think ZipCar except with cars that come to you, drive themselves and you can share with other people while it drives itself (or you can have it for yourself, if you prefer, except at a higher cost).<p>This kind of a network would drastically reduce number of cars needed to drive people around and given global knowledge of where people are and where they want to go, it could plan the absolutely most efficient route.<p>For popular routes (e.g. if it detects a pattern that a lot of people commute from San Francisco to Mountain View around 9 AM on Mondays through Fridays) it could deploy bigger cars (i.e. buses), further reducing traffic.<p>When you think about it, it's not surprising that car companies will not work on a technology like that since it would drastically reduce demand for cars and if this comes anywhere close to reality, expect lots of legislative and political battles (after all, this will mean that Americans in Detroit will loose jobs).",1286669055
1776232,comment,1776143,1776143,0,0,logic,,,"The observation is interesting (and one I'd never noticed before), but I'm not sure if I agree with the conclusion.<p>The ""American"" approach of discarding what you know when you're almost defeated and ""winging it"" seems pretty rational to me. If what you've been doing isn't working, no matter how ""correct"" it might seem to be, and you're about to run out of options, perhaps it's a good time to try a new strategy.<p>I don't think I'd characterize that as unhealthy.",1286668957
1776231,comment,1775529,1776153,0,0,ShabbyDoo,,,"A point well taken that EC2 could be much more expensive for transfer/storage-intensive use cases.",1286668952
1776230,comment,1775466,1775466,0,0,silverlight,,,"Okay, I know a lot of other folks have already pointed out the fact that just throwing up a Facebook/Twitter login might be a bit harsh. I would listen to them. But in addition to that, I would question that rather liberal policy you have taken with what, exactly, you have access to in my Facebook/Twitter account.<p>I didn't actually try to sign in with Twitter, but I noticed at the bottom you post a disclaimer saying that if I sign in with Twitter, I will start following you. WHY? Is that necessary to the app running? If not, that seems like a pretty bad way to increase your follower count.<p>I did try to sign in with Facebook, but immediately canceled when I saw you wanted access not only to my News Feed and Friends (which I fully expected), but also to send me EMAIL, access my Facebook account WHEN I'M NOT USING YOUR SITE (offline access), and POST TO MY WALL. At least the last of those, posting to my wall, I can get behind should I choose to do an action on your site that warrants it (e.g. I like something on your site and want to share it with my friends), but you should be approaching this from a standpoint of asking me for the only the permissions you need to get me started, then following up with further requests for specific permissions on an as-needed basis.<p>Especially since your entire site revolves around people logging in with their other social networking accounts, your site should respect those accounts. Not ask for permissions right off the bat that are going to scare away potential users who have no idea what you're going to use the permissions FOR. If I like an item and I get a request to allow your application permission to post to my Wall, that makes sense to me. What doesn't make sense is that I have to give you permission to send me email through Facebook just to access your site at all.<p>My 2 cents, but hey, you already lost at least one potential user. Get that fixed and I think you increase the folks who actually proceed through the front gate by several fold.",1286668946
1776229,comment,1775430,1775430,0,0,prawn,,,"I run a forum without registration (about 700-1000 posts/week). People can register, make up an alias for each post, or just post anonymously. Many people don't record an email address when they post and the majority are not registered or logged in when they post.<p>The majority of spammers do leave a valid (free-account) email address and register to spam (probably not used to a forum that doesn't require registration).",1286668929
1776228,comment,1775990,1776168,0,0,maxtilford,,,C-z,1286668919
